# Топ-500 категории «Женщинам/Блузки и рубашки/Рубашка» по выручке за 2026-05-24..2026-08-22
# Всего товаров в категории: 29891. Выручка последнего: 5 751 470 руб.
# Собрано из MPStats в облачной сессии, чтобы Mac Mini не нужен был токен.
# Формат: один артикул в строке. Обновить: node scripts/make-ids.mjs
237194752
895767631
783316046
789275058
34663958
328892062
783325094
205764778
783411514
783328173
783414677
297675127
232164988
820249117
724632121
757948367
341037561
317965299
725085765
895784726
297181520
237194753
13894376
895784725
494807118
390492645
502610920
160987536
111685985
171241228
10147914
895784728
317965436
324949318
467086491
473155591
39565985
227781398
433678799
895784727
317965435
789256100
494807116
219401072
160450144
789256099
400519206
770520523
1008127000
179331048
317965456
327286708
1066755968
313560644
418583488
176252338
789279836
694695755
435474874
317965454
324949319
916246183
816838643
238368363
99236887
724652095
444629269
918830680
317965463
676594485
789256098
111089894
332374699
297691862
327445525
494807121
936884938
160390186
214651615
6997852
320897845
850225854
317965477
317965489
163176171
214651318
35135771
452474480
111122170
245321357
789275059
324937598
776242947
918827066
803574705
908045628
430761899
169135911
317965441
317965431
462814505
1008115653
466699661
789256097
388833045
676576202
357399091
942632654
474804200
214652328
889904974
95666072
873220617
918830687
529014552
423065982
703515125
396043253
258326183
822611845
694695756
317965312
797470537
918857520
249545959
214652884
165232042
111687725
231690683
304389737
821931687
226093876
342248350
396148266
85015015
357842511
471106173
583062891
412019146
851528426
896488700
163691368
274639463
363113417
104552384
849239441
896488699
317965478
370315977
434589752
497951913
219401071
143912902
435980977
724652093
410294887
804275936
807431420
213111048
715862783
219746924
160987535
388242808
160390184
942648231
229150189
434588754
317965479
825063127
357842512
207536096
819999837
207553595
1066722588
197773072
229148305
232162832
825060743
149864229
114753165
500127802
452474479
325738583
251575390
76720500
742641723
918827083
90469383
1040070104
278980419
126050166
608341673
850368656
228172274
579032950
236497867
366446311
506844054
219401069
558252101
506065813
860545176
443125797
824943313
969291215
5941197
230753308
471370087
136137440
432981563
971351680
434589393
529019718
243637402
13894377
822215299
335603789
224436265
342085976
770842529
920440764
169443377
784133179
317965316
589941163
317966623
347864944
135780953
817614046
722709952
27920067
878643005
150354955
849230094
971554937
676611002
496515059
360707484
506567027
857489117
226608706
329840949
859061954
240864325
560141628
415252860
502677611
176252339
380715383
454172327
391680085
427725183
380719100
312941468
326237959
153123946
321964199
317966627
822208117
1023702571
1143124650
342248357
333428987
453765273
493955687
844468292
397506230
821326136
160450145
165095645
1065857796
1221393867
331015911
731083725
848421213
948397079
167646964
1052215928
320991714
399152754
219401068
340752285
770766291
844468291
327957543
603859679
762108972
57778209
295644398
724652094
482779806
821931686
452474481
558466034
269968122
789275060
213089525
236224319
806612785
484545264
848421215
316692976
466785923
432540772
729402480
367084326
478029216
565603535
537747577
70804925
827367052
302694844
982948049
823066226
806592846
335604499
128560149
493792944
806367672
317965286
345358049
500129427
529019723
953641319
809628456
199959124
877254358
505512078
236964028
1011722127
676601437
446097373
756180561
898452155
202914135
321718790
1147103189
263600644
1015554229
771499220
874250390
758590540
173173882
421031041
325920031
909688125
952428425
804466662
219730239
238004792
893360675
563077174
624530431
500125736
885234233
538876955
206581334
1066760921
791376938
1011722128
812027527
1007111195
237277883
847353979
291051940
341718816
229149966
167684947
920430014
963731363
735788674
219401073
316690210
80443162
309656357
5941199
905290835
767514997
940763061
466608906
233889586
458576699
317737059
68745006
219401070
320395251
932533690
838732539
1059619933
755343786
474746165
817215481
316690105
579037413
229104022
506566297
497741245
678581884
237184133
273099557
60607012
370284542
603859681
297823449
241450167
157317931
757262495
471105452
437953694
68199095
211166401
432685445
1052571076
316769186
559486965
409386484
112514581
361257238
309656679
109086323
910427779
110359674
1140871626
162671374
1129050842
396520315
224873943
215163512
951677026
453236678
119889028
397222753
832210403
444602835
803782456
372859837
200033356
237913172
918857521
1065869725
879127797
786821761
560149669
621558472
507139528
536337247
338630900
453183029
332715078
758510861
809655650
241968713
327476193
397506229
405747560
730541507
523814290
349741941
649252601
314153070
71451342
756409014
370284541
324949320
35511852
449293152
236191401
396151624
884698523
405747561
327957546
229151143
369841764
473173623
165629769
229150832
237865170
412018764
234623207
212786872
85804496
879193672
317965438
851518286
804261057
908084396
848406119
226531508
243213907
415257294
1010241194
1007788663
218995105
210891480
241450168
473154467
780563173
881342820
1035713389
226672698
